[]
(50,400)
(750,400)
[[397, 389, 240]]
(73, 392)
(733, 387)
[[620, 214, 70], [211, 595, 70], [608, 638, 130], [389, 423, 130], [195, 201, 130]]
(118, 704)
(736, 77)
[[131, 665, 100], [200, 663, 100], [294, 667, 100], [361, 668, 100], [451, 668, 100], [530, 667, 100], [615, 666, 100], [744, 666, 100], [654, 429, 100], [577, 433, 100], [494, 433, 100], [378, 432, 100], [281, 430, 100], [162, 430, 100], [68, 428, 100], [127, 171, 100], [191, 172, 100], [267, 170, 100], [356, 172, 100], [460, 172, 100], [553, 168, 100], [644, 169, 100], [766, 170, 100]]
(762, 33)
(764, 782)
[[463, 661, 80], [565, 744, 80], [451, 72, 80], [542, 380, 80], [564, 301, 80], [546, 129, 80], [325, 580, 100], [583, 214, 100], [144, 188, 100]]
(41, 59)
(716, 668)
[[424, 687, 100], [419, 694, 100], [414, 706, 100], [402, 727, 100], [390, 747, 100], [367, 773, 100], [325, 783, 100], [552, 313, 100], [552, 287, 100], [552, 248, 100], [552, 220, 100], [554, 200, 100], [552, 172, 100], [549, 145, 100], [544, 82, 100], [222, 213, 140]]
(77, 99)
(683, 678)
[[217, 361, 170], [412, 592, 100], [397, 656, 100], [362, 738, 100], [508, 308, 100], [524, 218, 100], [554, 59, 100]]
(30, 95)
(697, 584)
[[371, 125, 100], [369, 237, 100], [322, 384, 100], [253, 525, 100], [63, 446, 100]]
(72, 223)
(564, 519)
[[650, 404, 100], [165, 409, 100], [299, 633, 100], [338, 627, 100], [396, 621, 100], [508, 619, 100], [577, 615, 100], [620, 603, 100], [651, 560, 100], [639, 559, 100], [581, 556, 100], [537, 556, 100], [495, 558, 100], [435, 558, 100], [389, 556, 100], [332, 555, 100], [288, 553, 100], [218, 552, 100], [194, 553, 100], [168, 553, 100], [663, 269, 100], [611, 263, 100], [570, 264, 100], [525, 261, 100], [440, 257, 100], [389, 255, 100], [314, 256, 100], [222, 264, 100], [179, 271, 100], [553, 176, 100], [520, 173, 100], [426, 171, 100], [383, 174, 100], [453, 201, 100], [414, 203, 100], [385, 208, 100], [336, 213, 100], [663, 649, 100], [183, 631, 100], [688, 179, 100], [200, 188, 100], [212, 34, 100], [268, 31, 100], [316, 30, 100], [436, 20, 100], [509, 18, 100], [622, 34, 100], [781, 238, 100], [782, 285, 100], [788, 351, 100], [788, 441, 100], [786, 527, 100], [791, 634, 100], [688, 783, 100], [621, 787, 100], [590, 789, 100], [530, 785, 100], [449, 781, 100], [396, 781, 100], [341, 784, 100], [293, 787, 100], [234, 784, 100], [135, 775, 100], [102, 771, 100], [44, 585, 100], [46, 559, 100], [47, 532, 100], [49, 494, 100], [50, 459, 100], [51, 427, 100], [50, 402, 100], [50, 375, 100], [51, 350, 100], [52, 322, 100], [54, 307, 100], [56, 294, 100], [63, 248, 100], [67, 225, 100], [68, 218, 100], [73, 176, 100], [28, 774, 100], [775, 788, 100], [783, 59, 100], [50, 62, 100]]
(292, 410)
(505, 412)
[[292, 136, 100], [419, 134, 100], [570, 132, 100], [730, 142, 100], [517, 391, 100], [380, 398, 100], [206, 388, 100], [46, 389, 100], [262, 636, 100], [395, 649, 100], [513, 647, 100], [638, 656, 100], [743, 654, 100]]
(751, 783)
(770, 27)
[[352, 367, 30], [319, 367, 30], [272, 360, 30], [227, 356, 30], [227, 356, 30], [194, 353, 30], [177, 355, 30], [166, 355, 30], [166, 365, 30], [164, 387, 30], [163, 401, 30], [159, 420, 30], [158, 443, 30], [156, 482, 30], [157, 491, 30], [158, 520, 30], [159, 520, 30], [153, 562, 30], [153, 562, 30], [173, 568, 30], [173, 568, 30], [174, 568, 30], [181, 568, 30], [223, 568, 30], [240, 568, 30], [268, 568, 30], [279, 570, 30], [292, 570, 30], [294, 570, 30], [299, 570, 30], [307, 570, 30], [331, 570, 30], [346, 570, 30], [365, 568, 30], [378, 566, 30], [404, 566, 30], [441, 571, 30], [450, 571, 30], [483, 569, 30], [505, 566, 30], [527, 565, 30], [557, 567, 30], [568, 567, 30], [578, 527, 30], [577, 508, 30], [576, 503, 30], [576, 499, 30], [571, 487, 30], [571, 485, 30], [573, 461, 30], [574, 445, 30], [576, 430, 30], [576, 417, 30], [575, 386, 30], [576, 385, 30], [576, 355, 30], [570, 328, 30], [572, 296, 30], [578, 279, 30], [575, 252, 30], [491, 217, 30], [573, 219, 30], [529, 217, 30], [521, 217, 30], [462, 217, 30], [459, 217, 30], [438, 217, 30], [395, 218, 30], [365, 219, 30], [330, 218, 30], [315, 217, 30], [275, 216, 30], [243, 217, 30], [209, 215, 30], [177, 216, 30], [142, 214, 30], [90, 214, 30], [49, 211, 30], [5, 211, 30]]
(63, 101)
(248, 434)
[[352, 615, 30], [311, 614, 30], [281, 612, 30], [222, 631, 30], [229, 628, 30], [250, 618, 30], [271, 605, 30], [293, 602, 30], [299, 577, 30], [270, 586, 30], [281, 580, 30], [306, 570, 30], [338, 564, 30], [373, 606, 30], [409, 598, 30], [424, 595, 30], [329, 600, 30], [370, 589, 30], [409, 581, 30], [471, 555, 30], [475, 551, 30], [443, 569, 30], [492, 541, 30], [501, 538, 30], [332, 549, 30], [466, 476, 30], [406, 527, 30], [374, 550, 30], [428, 510, 30], [493, 475, 30], [515, 466, 30], [416, 524, 30], [455, 498, 30], [499, 482, 30], [510, 512, 30], [497, 518, 30], [496, 518, 30], [506, 510, 30], [527, 495, 30], [539, 488, 30], [566, 477, 30], [586, 465, 30], [593, 462, 30], [588, 463, 30], [576, 463, 30], [574, 463, 30], [549, 465, 30], [595, 448, 30], [603, 437, 30], [596, 437, 30], [578, 439, 30], [595, 438, 30], [609, 439, 30], [611, 443, 30], [554, 446, 30], [529, 451, 30], [575, 437, 30], [565, 444, 30], [549, 454, 30], [531, 461, 30], [504, 466, 30], [546, 460, 30], [531, 470, 30], [501, 491, 30], [475, 504, 30], [441, 528, 30], [418, 551, 30], [412, 557, 30], [360, 579, 30], [355, 581, 30], [341, 582, 30], [398, 566, 30], [373, 579, 30], [323, 600, 30], [312, 606, 30], [163, 404, 30], [168, 386, 30], [177, 377, 30], [181, 371, 30], [182, 370, 30], [197, 358, 30], [203, 351, 30], [222, 322, 30], [232, 301, 30], [245, 278, 30], [254, 264, 30], [267, 236, 30], [187, 411, 30], [210, 397, 30], [229, 372, 30], [243, 345, 30], [249, 333, 30], [251, 331, 30], [256, 323, 30], [281, 297, 30], [289, 280, 30], [302, 260, 30], [312, 245, 30], [323, 229, 30], [337, 205, 30], [297, 213, 30], [347, 170, 30], [303, 161, 30], [336, 139, 30], [326, 192, 30]]
(119, 192)
(565, 660)
[[384, 481, 20], [384, 481, 20], [383, 459, 20], [382, 453, 20], [382, 431, 20], [384, 419, 20], [384, 409, 20], [385, 393, 20], [385, 393, 20], [386, 382, 20], [386, 376, 20], [465, 363, 10], [464, 359, 10], [464, 357, 10], [464, 357, 10], [462, 349, 10], [460, 337, 10], [460, 336, 10], [459, 333, 10], [456, 323, 10], [456, 320, 10], [456, 319, 10], [451, 312, 10], [450, 306, 10], [450, 306, 10], [449, 305, 10], [442, 305, 10], [439, 305, 10], [435, 305, 10], [431, 304, 10], [430, 304, 10], [424, 304, 10], [422, 304, 10], [420, 303, 10], [406, 303, 10], [402, 303, 10], [396, 303, 10], [395, 303, 10], [398, 303, 10], [409, 302, 10], [381, 301, 10], [375, 301, 10], [372, 301, 10], [357, 300, 10], [352, 300, 10], [369, 301, 10], [371, 301, 10], [341, 299, 10], [335, 299, 10], [327, 299, 10], [318, 299, 10], [312, 298, 10], [310, 298, 10], [309, 308, 10], [309, 310, 10], [309, 314, 10], [309, 314, 10], [306, 326, 10], [305, 326, 10], [305, 336, 10], [305, 339, 10], [305, 348, 10], [305, 347, 10], [305, 339, 10], [305, 339, 10], [302, 361, 10], [302, 363, 10], [301, 376, 10], [301, 379, 10], [301, 383, 10], [301, 387, 10], [302, 394, 10], [302, 396, 10], [302, 397, 10], [302, 409, 10], [302, 417, 10], [303, 424, 10], [303, 434, 10], [303, 439, 10], [303, 446, 10], [303, 446, 10], [303, 460, 10], [303, 460, 10], [303, 443, 10], [300, 470, 10], [299, 490, 10], [299, 498, 10], [299, 503, 10], [299, 513, 10], [297, 521, 10], [297, 539, 10], [297, 544, 10], [297, 546, 10], [296, 556, 10], [305, 559, 10], [292, 560, 10], [319, 559, 10], [320, 559, 10], [328, 557, 10], [328, 557, 10], [335, 556, 10], [342, 555, 10], [354, 555, 10], [354, 555, 10], [342, 556, 10], [343, 556, 10], [371, 557, 10], [372, 557, 10], [370, 557, 10], [364, 557, 10], [365, 557, 10], [392, 557, 10], [394, 557, 10], [391, 557, 10], [387, 557, 10], [387, 558, 10], [409, 558, 10], [413, 558, 10], [416, 558, 10], [439, 558, 10], [438, 558, 10], [429, 558, 10], [421, 558, 10], [431, 558, 10], [452, 558, 10], [461, 558, 10], [465, 558, 10], [465, 558, 10], [465, 553, 10], [465, 551, 10], [466, 549, 10], [466, 546, 10], [466, 544, 10], [466, 533, 10], [466, 526, 10], [466, 516, 10], [466, 515, 10], [467, 508, 10], [467, 497, 10], [467, 494, 10], [468, 479, 10], [468, 474, 10], [468, 466, 10], [467, 453, 10], [467, 449, 10], [467, 444, 10], [467, 441, 10], [466, 377, 10], [528, 240, 20], [229, 331, 20], [228, 321, 20], [228, 318, 20], [228, 316, 20], [229, 307, 20], [230, 302, 20], [233, 279, 20], [234, 273, 20], [235, 260, 20], [233, 245, 20], [231, 235, 20], [231, 220, 20], [233, 218, 20], [261, 219, 20], [249, 219, 20], [281, 217, 20], [288, 217, 20], [338, 219, 20], [356, 219, 20], [333, 219, 20], [331, 218, 20], [315, 217, 20], [307, 217, 20], [308, 217, 20], [352, 215, 20], [363, 214, 20], [370, 215, 20], [399, 216, 20], [416, 218, 20], [437, 222, 20], [452, 222, 20], [470, 222, 20], [486, 223, 20], [502, 224, 20], [520, 227, 20], [520, 226, 20], [527, 262, 20], [527, 268, 20], [528, 295, 20], [530, 313, 20], [531, 317, 20], [531, 337, 20], [530, 351, 20], [530, 370, 20], [530, 383, 20], [533, 412, 20], [533, 430, 20], [533, 446, 20], [535, 469, 20], [535, 489, 20], [536, 500, 20], [540, 526, 20], [541, 551, 20], [541, 552, 20], [541, 567, 20], [541, 574, 20], [541, 578, 20], [543, 550, 20], [543, 558, 20], [542, 581, 20], [538, 604, 20], [538, 614, 20], [538, 623, 20], [539, 634, 20], [528, 636, 20], [523, 636, 20], [498, 636, 20], [489, 636, 20], [488, 636, 20], [440, 635, 20], [440, 635, 20], [459, 636, 20], [457, 636, 20], [457, 636, 20], [417, 635, 20], [405, 635, 20], [400, 634, 20], [367, 633, 20], [334, 632, 20], [322, 631, 20], [372, 636, 20], [357, 638, 20], [348, 638, 20], [315, 635, 20], [289, 631, 20], [265, 631, 20], [268, 631, 20], [314, 632, 20], [312, 635, 20], [281, 635, 20], [244, 630, 20], [237, 624, 20], [237, 620, 20], [236, 598, 20], [237, 590, 20], [237, 575, 20], [237, 553, 20], [236, 533, 20], [235, 525, 20], [234, 512, 20], [234, 508, 20], [233, 493, 20], [233, 487, 20], [234, 469, 20], [234, 457, 20], [235, 450, 20], [235, 442, 20], [231, 351, 20], [665, 298, 20], [664, 294, 20], [664, 286, 20], [663, 283, 20], [660, 278, 20], [657, 262, 20], [651, 238, 20], [649, 227, 20], [651, 231, 20], [655, 258, 20], [654, 262, 20], [652, 235, 20], [651, 235, 20], [644, 208, 20], [641, 192, 20], [638, 179, 20], [636, 170, 20], [631, 158, 20], [625, 145, 20], [624, 137, 20], [602, 124, 20], [80, 684, 20], [618, 125, 20], [584, 123, 20], [576, 122, 20], [560, 121, 20], [549, 121, 20], [532, 121, 20], [549, 123, 20], [539, 121, 20], [470, 112, 20], [464, 112, 20], [444, 111, 20], [444, 111, 20], [488, 116, 20], [515, 115, 20], [502, 115, 20], [436, 109, 20], [416, 107, 20], [393, 106, 20], [384, 104, 20], [680, 406, 20], [678, 417, 20], [678, 438, 20], [677, 461, 20], [674, 487, 20], [674, 506, 20], [674, 515, 20], [675, 492, 20], [677, 482, 20], [674, 537, 20], [673, 538, 20], [672, 566, 20], [672, 576, 20], [675, 573, 20], [669, 601, 20], [663, 627, 20], [657, 662, 20], [655, 678, 20], [653, 699, 20], [649, 720, 20], [647, 728, 20], [642, 739, 20], [627, 740, 20], [556, 736, 20], [536, 734, 20], [495, 736, 20], [541, 737, 20], [576, 736, 20], [609, 736, 20], [614, 732, 20], [604, 734, 20], [572, 734, 20], [536, 734, 20], [529, 734, 20], [500, 734, 20], [458, 731, 20], [450, 731, 20], [400, 730, 20], [481, 734, 20], [448, 733, 20], [426, 732, 20], [389, 731, 20], [370, 729, 20], [343, 729, 20], [324, 728, 20], [309, 729, 20], [289, 729, 20], [281, 729, 20], [245, 731, 20], [251, 733, 20], [225, 731, 20], [215, 730, 20], [190, 728, 20], [164, 723, 20], [143, 721, 20], [132, 721, 20], [133, 721, 20], [146, 723, 20], [158, 723, 20], [175, 724, 20], [157, 721, 20], [106, 715, 20], [104, 715, 20], [99, 714, 20], [96, 714, 20], [86, 713, 20], [86, 713, 20], [84, 702, 20], [81, 667, 20], [80, 653, 20], [79, 636, 20], [79, 634, 20], [79, 632, 20], [79, 624, 20], [78, 623, 20], [77, 603, 20], [77, 593, 20], [78, 586, 20], [78, 576, 20], [78, 568, 20], [79, 560, 20], [78, 533, 20], [77, 508, 20], [76, 495, 20], [73, 482, 20], [70, 467, 20], [70, 458, 20], [71, 433, 20], [72, 401, 20], [71, 370, 20], [70, 347, 20], [68, 332, 20], [67, 320, 20], [69, 292, 20], [70, 283, 20], [68, 296, 20], [68, 296, 20], [66, 316, 20], [67, 258, 20], [67, 237, 20], [68, 213, 20], [65, 189, 20], [61, 170, 20], [60, 154, 20], [61, 144, 20], [62, 127, 20], [62, 126, 20], [62, 125, 20], [62, 125, 20], [62, 125, 20], [61, 133, 20], [60, 119, 20], [56, 94, 20], [54, 89, 20], [53, 90, 20], [54, 75, 20], [52, 72, 20], [62, 55, 20], [74, 58, 20], [79, 60, 20], [81, 61, 20], [91, 66, 20], [93, 66, 20], [105, 67, 20], [106, 68, 20], [113, 69, 20], [118, 70, 20], [128, 72, 20], [158, 77, 20], [177, 80, 20], [202, 86, 20], [210, 89, 20], [227, 92, 20], [246, 92, 20], [227, 85, 20], [158, 75, 20], [150, 75, 20], [182, 80, 20], [250, 98, 20], [282, 101, 20], [310, 105, 20], [332, 106, 20], [346, 107, 20], [366, 109, 20], [368, 110, 20], [390, 70, 30], [389, 29, 30], [389, 30, 30]]
(13, 68)
(339, 432)
[[789, 581, 30], [14, 193, 30], [405, 270, 30], [413, 507, 30], [404, 536, 30], [404, 536, 30], [374, 536, 30], [376, 247, 30], [359, 236, 30], [338, 229, 30], [329, 226, 30], [27, 203, 30], [32, 203, 30], [51, 202, 30], [52, 202, 30], [69, 201, 30], [109, 197, 30], [132, 197, 30], [155, 197, 30], [199, 194, 30], [199, 194, 30], [202, 194, 30], [235, 194, 30], [278, 199, 30], [288, 200, 30], [20, 560, 30], [32, 559, 30], [52, 557, 30], [56, 557, 30], [67, 557, 30], [96, 557, 30], [122, 558, 30], [142, 559, 30], [192, 560, 30], [237, 560, 30], [286, 560, 30], [283, 559, 30], [223, 557, 30], [280, 554, 30], [347, 551, 30], [346, 549, 30], [326, 547, 30], [295, 544, 30], [272, 541, 30], [247, 539, 30], [238, 539, 30], [231, 537, 30], [177, 536, 30], [212, 537, 30], [171, 536, 30], [122, 532, 30], [101, 525, 30], [88, 510, 30], [79, 497, 30], [67, 468, 30], [64, 448, 30], [62, 425, 30], [61, 404, 30], [61, 384, 30], [62, 369, 30], [63, 350, 30], [64, 335, 30], [68, 312, 30], [72, 300, 30], [81, 285, 30], [86, 277, 30], [88, 272, 30], [93, 266, 30], [97, 262, 30], [99, 260, 30], [104, 259, 30], [124, 252, 30], [129, 249, 30], [129, 249, 30], [129, 249, 30], [131, 248, 30], [138, 248, 30], [139, 248, 30], [147, 247, 30], [163, 245, 30], [192, 240, 30], [201, 239, 30], [209, 239, 30], [209, 239, 30], [209, 239, 30], [234, 236, 30], [242, 236, 30], [244, 236, 30], [268, 236, 30], [270, 236, 30], [277, 237, 30], [292, 241, 30], [188, 395, 30], [545, 676, 20], [547, 671, 20], [549, 667, 20], [556, 659, 20], [559, 650, 20], [563, 644, 20], [564, 634, 20], [562, 635, 20], [546, 643, 20], [537, 651, 20], [521, 673, 30], [626, 410, 30], [773, 563, 30], [771, 559, 30], [762, 546, 30], [756, 536, 30], [745, 525, 30], [736, 509, 30], [722, 495, 30], [712, 483, 30], [697, 470, 30], [683, 460, 30], [669, 446, 30], [639, 421, 30], [593, 379, 30], [583, 369, 30], [778, 458, 30], [772, 452, 30], [770, 450, 30], [746, 441, 30], [737, 434, 30], [713, 422, 30], [676, 401, 30], [654, 394, 30], [657, 397, 30], [701, 415, 30], [687, 405, 30], [633, 371, 30], [615, 361, 30], [607, 356, 30], [578, 337, 30], [569, 334, 30], [562, 328, 30], [585, 327, 30], [657, 323, 30], [660, 323, 30], [617, 325, 30], [620, 325, 30], [611, 326, 30], [598, 326, 30], [599, 326, 30], [651, 316, 30], [666, 314, 30], [684, 310, 30], [691, 309, 30], [713, 305, 30], [742, 303, 30], [761, 303, 30], [774, 303, 30], [786, 303, 30], [561, 143, 50]]
(51, 106)
(82, 659)
[[180, 424, 20], [180, 424, 20], [191, 424, 20], [206, 424, 20], [217, 424, 20], [233, 424, 20], [232, 424, 20], [374, 323, 10], [513, 244, 10], [514, 245, 10], [500, 246, 10], [478, 247, 10], [476, 247, 10], [476, 247, 10], [477, 246, 10], [491, 238, 10], [502, 235, 10], [506, 235, 10], [500, 227, 10], [498, 224, 10], [490, 218, 10], [485, 214, 10], [478, 211, 10], [465, 206, 10], [639, 198, 30], [612, 306, 20], [549, 654, 20], [632, 415, 30], [576, 533, 30], [742, 543, 30], [680, 634, 30], [784, 739, 10], [720, 750, 10], [639, 727, 10], [625, 711, 10], [625, 711, 10], [633, 720, 10], [637, 725, 10], [637, 725, 10], [636, 723, 10], [614, 708, 10], [606, 712, 10], [596, 727, 10], [596, 734, 10], [550, 780, 20], [453, 643, 20], [328, 622, 20], [320, 612, 20], [272, 581, 20], [272, 582, 20], [272, 587, 20], [285, 594, 20], [346, 624, 20], [355, 624, 20], [348, 622, 20], [309, 616, 20], [287, 610, 20], [284, 610, 20], [269, 606, 20], [285, 517, 10], [254, 470, 10], [524, 464, 10], [379, 461, 10], [403, 498, 10], [403, 497, 10], [177, 498, 10], [177, 498, 10], [177, 498, 10], [270, 410, 10], [719, 374, 10], [710, 386, 10], [705, 463, 10], [726, 465, 10], [728, 465, 10], [727, 456, 10], [725, 451, 10], [724, 453, 10], [705, 464, 10], [712, 406, 10], [708, 400, 10], [710, 376, 10], [730, 355, 10], [289, 402, 10], [285, 407, 10], [260, 407, 10], [248, 406, 10], [245, 398, 10], [198, 363, 20], [336, 246, 20], [228, 231, 20], [544, 375, 10], [552, 383, 10], [546, 368, 10], [538, 353, 10], [519, 337, 10], [492, 319, 10], [485, 316, 10], [533, 347, 10], [557, 385, 10], [558, 397, 10], [556, 397, 10], [506, 392, 10], [477, 388, 10], [465, 386, 10], [447, 381, 10], [449, 381, 10], [467, 381, 10], [472, 381, 10], [446, 371, 10], [509, 375, 10], [524, 375, 10], [508, 372, 10], [492, 371, 10], [471, 372, 10], [471, 372, 10], [479, 372, 10], [485, 373, 10], [503, 376, 10], [518, 378, 10], [525, 379, 10], [522, 361, 10], [515, 356, 10], [522, 366, 10], [525, 371, 10], [520, 361, 10], [512, 347, 10], [505, 339, 10], [495, 329, 10], [736, 237, 10], [756, 238, 20], [781, 238, 30], [771, 29, 30], [696, 108, 10], [689, 102, 10], [681, 95, 10], [674, 90, 10], [674, 79, 10], [679, 74, 10], [683, 73, 10], [514, 160, 20], [619, 61, 20], [443, 60, 20], [371, 146, 20], [369, 146, 20], [386, 145, 20], [328, 152, 20], [344, 150, 20], [347, 159, 20], [302, 121, 20], [310, 143, 20], [300, 95, 20], [106, 50, 20], [147, 118, 20], [88, 289, 20], [74, 481, 10], [82, 487, 10], [79, 434, 10], [63, 385, 10], [42, 514, 10], [98, 641, 20], [126, 660, 20], [115, 656, 20], [95, 636, 20], [92, 608, 20], [85, 590, 20], [209, 659, 20], [354, 629, 20], [413, 726, 20], [413, 726, 20], [291, 792, 20], [298, 782, 20], [298, 782, 20], [298, 779, 20], [302, 768, 20], [302, 759, 20], [306, 738, 20], [303, 738, 20], [290, 738, 20], [268, 740, 20], [247, 740, 20], [219, 743, 20], [211, 744, 20], [203, 763, 20], [201, 766, 20], [193, 791, 20], [72, 785, 20], [69, 779, 20], [61, 772, 20], [43, 757, 20], [27, 737, 30], [29, 155, 30], [8, 145, 30], [8, 145, 30], [8, 163, 30], [8, 165, 30]]
(30, 636)
(777, 456)
[[225, 167, 10], [217, 182, 10], [150, 787, 20], [147, 779, 20], [146, 774, 20], [143, 760, 20], [142, 753, 20], [140, 746, 20], [135, 732, 20], [132, 726, 20], [114, 705, 20], [102, 693, 20], [91, 687, 20], [350, 725, 10], [343, 722, 10], [337, 720, 10], [332, 722, 10], [329, 724, 10], [321, 729, 10], [337, 716, 10], [349, 598, 10], [363, 604, 10], [362, 604, 10], [361, 603, 10], [356, 604, 10], [354, 600, 0], [342, 525, 10], [301, 545, 10], [301, 545, 10], [301, 548, 10], [295, 559, 10], [301, 553, 10], [309, 544, 10], [315, 539, 10], [325, 533, 10], [254, 553, 10], [340, 595, 10], [339, 595, 10], [328, 590, 10], [324, 588, 10], [320, 587, 10], [312, 584, 10], [308, 580, 10], [297, 577, 10], [297, 577, 10], [302, 577, 10], [302, 577, 10], [284, 570, 10], [298, 528, 10], [332, 519, 10], [317, 521, 10], [303, 521, 10], [307, 521, 10], [306, 525, 10], [305, 525, 10], [286, 532, 10], [285, 532, 10], [274, 554, 20], [583, 673, 10], [593, 655, 20], [605, 626, 30], [612, 601, 30], [621, 579, 30], [625, 566, 30], [634, 536, 30], [637, 528, 30], [637, 527, 30], [647, 478, 30], [652, 447, 30], [653, 423, 30], [653, 404, 30], [653, 390, 30], [653, 368, 30], [655, 357, 30], [655, 349, 30], [654, 330, 30], [654, 313, 30], [653, 302, 30], [651, 283, 30], [643, 264, 30], [632, 250, 30], [619, 240, 30], [605, 226, 30], [584, 214, 30], [465, 325, 20], [74, 494, 20], [229, 363, 20], [220, 354, 20], [203, 337, 20], [191, 327, 20], [187, 321, 20], [173, 311, 20], [206, 210, 20], [199, 215, 20], [184, 224, 20], [172, 240, 20], [165, 280, 30], [413, 113, 30], [683, 116, 10], [666, 113, 10], [648, 105, 20], [626, 102, 30], [601, 93, 30], [575, 96, 20], [577, 91, 20], [577, 86, 20], [578, 77, 20], [579, 55, 20], [579, 42, 20], [579, 34, 20], [577, 20, 20], [577, 13, 20], [577, 12, 20], [59, 95, 20], [57, 100, 20], [53, 105, 20], [46, 115, 20], [34, 126, 20], [33, 129, 20], [14, 143, 20]]
(127, 120)
(463, 655)
